
          ***** ANSYS POST26 VARIABLE LISTING *****


    TIME          2 UY          1 UY          3 S   EQV 
                  UY            UY            SEQV    
  0.10000E-05   -0.463044E-03 -0.463456E-03  0.545136E+08
  0.20000E-05   -0.463145E-03 -0.463557E-03  0.545359E+08
  0.40000E-05   -0.463344E-03 -0.463757E-03  0.545801E+08
  0.80000E-05   -0.463740E-03 -0.464154E-03  0.546682E+08
  0.16000E-04   -0.464527E-03 -0.464945E-03  0.548434E+08
  0.32000E-04   -0.466083E-03 -0.466506E-03  0.551902E+08
  0.64000E-04   -0.469122E-03 -0.469556E-03  0.558695E+08
  0.12800E-03   -0.474940E-03 -0.475396E-03  0.571738E+08
  0.25600E-03   -0.485724E-03 -0.486224E-03  0.595878E+08
  0.51200E-03   -0.504990E-03 -0.505569E-03  0.638914E+08
  0.10240E-02   -0.537375E-03 -0.538095E-03  0.706362E+08
  0.20480E-02   -0.588356E-03 -0.589317E-03  0.792267E+08
  0.40960E-02   -0.662601E-03 -0.663954E-03  0.860491E+08
  0.81920E-02   -0.762003E-03 -0.763943E-03  0.863623E+08
  0.16384E-01   -0.886527E-03 -0.889270E-03  0.796792E+08
  0.32768E-01   -0.103158E-02 -0.103532E-02  0.690826E+08
  0.65536E-01   -0.119318E-02 -0.119812E-02  0.583357E+08
  0.13107       -0.136938E-02 -0.137588E-02  0.499074E+08
  0.26214       -0.156754E-02 -0.157613E-02  0.436991E+08
  0.52429       -0.179824E-02 -0.180968E-02  0.388487E+08

          ***** ANSYS POST26 VARIABLE LISTING *****


    TIME          2 UY          1 UY          3 S   EQV 
                  UY            UY            SEQV    
   1.0486       -0.207033E-02 -0.208568E-02  0.347108E+08
   2.0972       -0.239161E-02 -0.241231E-02  0.310088E+08
   4.1943       -0.276994E-02 -0.279795E-02  0.276663E+08
   8.3886       -0.321696E-02 -0.325490E-02  0.246984E+08
   16.777       -0.374973E-02 -0.380122E-02  0.221168E+08
   26.777       -0.418051E-02 -0.424437E-02  0.205105E+08
   36.777       -0.451036E-02 -0.458449E-02  0.194969E+08
   46.777       -0.478233E-02 -0.486541E-02  0.187825E+08
   56.777       -0.501703E-02 -0.510812E-02  0.182477E+08
   66.777       -0.522516E-02 -0.532358E-02  0.178297E+08
   76.777       -0.541325E-02 -0.551847E-02  0.174832E+08
   86.777       -0.558604E-02 -0.569762E-02  0.172039E+08
   96.777       -0.574655E-02 -0.586416E-02  0.169713E+08
   106.78       -0.589706E-02 -0.602041E-02  0.167735E+08
   116.78       -0.603923E-02 -0.616808E-02  0.166037E+08
   126.78       -0.617434E-02 -0.630848E-02  0.164561E+08
   136.78       -0.630342E-02 -0.644267E-02  0.163280E+08
   146.78       -0.642729E-02 -0.657148E-02  0.162169E+08
   156.78       -0.654663E-02 -0.669563E-02  0.161201E+08
   166.78       -0.666199E-02 -0.681568E-02  0.160350E+08

          ***** ANSYS POST26 VARIABLE LISTING *****


    TIME          2 UY          1 UY          3 S   EQV 
                  UY            UY            SEQV    
   176.78       -0.677382E-02 -0.693208E-02  0.159603E+08
   186.78       -0.688250E-02 -0.704524E-02  0.158949E+08
   196.78       -0.698837E-02 -0.715549E-02  0.158373E+08
   206.78       -0.709170E-02 -0.726313E-02  0.157870E+08
   216.78       -0.719273E-02 -0.736840E-02  0.157433E+08
   226.78       -0.729171E-02 -0.747154E-02  0.157060E+08
   236.78       -0.738881E-02 -0.757275E-02  0.156745E+08
   246.78       -0.748423E-02 -0.767222E-02  0.156485E+08
   256.78       -0.757817E-02 -0.777016E-02  0.156277E+08
   266.78       -0.767074E-02 -0.786669E-02  0.156114E+08
   276.78       -0.776207E-02 -0.796194E-02  0.155991E+08
   286.78       -0.785227E-02 -0.805602E-02  0.155908E+08
   296.78       -0.794146E-02 -0.814905E-02  0.155861E+08
   306.78       -0.802973E-02 -0.824115E-02  0.155850E+08
   316.78       -0.811719E-02 -0.833239E-02  0.155875E+08
   326.78       -0.820389E-02 -0.842287E-02  0.155932E+08
   336.78       -0.828992E-02 -0.851263E-02  0.156018E+08
   346.78       -0.837532E-02 -0.860176E-02  0.156132E+08
   356.78       -0.846018E-02 -0.869033E-02  0.156274E+08
   366.78       -0.854455E-02 -0.877839E-02  0.156443E+08

          ***** ANSYS POST26 VARIABLE LISTING *****


    TIME          2 UY          1 UY          3 S   EQV 
                  UY            UY            SEQV    
   376.78       -0.862849E-02 -0.886601E-02  0.156640E+08
   386.78       -0.871207E-02 -0.895325E-02  0.156864E+08
   396.78       -0.879534E-02 -0.904018E-02  0.157116E+08
   406.78       -0.887835E-02 -0.912684E-02  0.157396E+08
   416.78       -0.896117E-02 -0.921331E-02  0.157703E+08
   426.78       -0.904385E-02 -0.929962E-02  0.158038E+08
   436.78       -0.912644E-02 -0.938585E-02  0.158401E+08
   446.78       -0.920899E-02 -0.947204E-02  0.158791E+08
   456.78       -0.929156E-02 -0.955825E-02  0.159208E+08
   466.78       -0.937419E-02 -0.964452E-02  0.159654E+08
   476.78       -0.945694E-02 -0.973092E-02  0.160127E+08
   486.78       -0.953985E-02 -0.981749E-02  0.160629E+08
   496.78       -0.962298E-02 -0.990428E-02  0.161160E+08
   506.78       -0.970637E-02 -0.999135E-02  0.161720E+08
   516.78       -0.979008E-02 -0.100787E-01  0.162310E+08
   526.78       -0.987416E-02 -0.101665E-01  0.162930E+08
   536.78       -0.995866E-02 -0.102547E-01  0.163581E+08
   546.78       -0.100436E-01 -0.103434E-01  0.164264E+08
   556.78       -0.101292E-01 -0.104328E-01  0.164980E+08
   566.78       -0.102154E-01 -0.105227E-01  0.165729E+08

          ***** ANSYS POST26 VARIABLE LISTING *****


    TIME          2 UY          1 UY          3 S   EQV 
                  UY            UY            SEQV    
   576.78       -0.103022E-01 -0.106133E-01  0.166513E+08
   586.78       -0.103897E-01 -0.107047E-01  0.167332E+08
   596.78       -0.104780E-01 -0.107968E-01  0.168186E+08
   606.78       -0.105671E-01 -0.108898E-01  0.169078E+08
   616.78       -0.106571E-01 -0.109837E-01  0.170009E+08
   626.78       -0.107480E-01 -0.110785E-01  0.170982E+08
   636.78       -0.108399E-01 -0.111745E-01  0.171997E+08
   646.78       -0.109330E-01 -0.112715E-01  0.173059E+08
   656.78       -0.110272E-01 -0.113698E-01  0.174169E+08
   666.78       -0.111227E-01 -0.114694E-01  0.175330E+08
   676.78       -0.112196E-01 -0.115704E-01  0.176545E+08
   686.78       -0.113179E-01 -0.116730E-01  0.177817E+08
   696.78       -0.114178E-01 -0.117771E-01  0.179151E+08
   706.78       -0.115193E-01 -0.118830E-01  0.180551E+08
   716.78       -0.116227E-01 -0.119907E-01  0.182020E+08
   726.78       -0.117280E-01 -0.121004E-01  0.183564E+08
   736.78       -0.118354E-01 -0.122123E-01  0.185188E+08
   746.78       -0.119450E-01 -0.123265E-01  0.186899E+08
   756.78       -0.120571E-01 -0.124433E-01  0.188704E+08
   766.78       -0.121718E-01 -0.125627E-01  0.190609E+08

          ***** ANSYS POST26 VARIABLE LISTING *****


    TIME          2 UY          1 UY          3 S   EQV 
                  UY            UY            SEQV    
   776.78       -0.122893E-01 -0.126851E-01  0.192626E+08
   786.78       -0.124100E-01 -0.128107E-01  0.194762E+08
   796.78       -0.125342E-01 -0.129400E-01  0.197196E+08
   806.78       -0.126621E-01 -0.130731E-01  0.199631E+08
   816.78       -0.127941E-01 -0.132104E-01  0.202226E+08
   826.78       -0.129305E-01 -0.133522E-01  0.205001E+08
   836.78       -0.130718E-01 -0.134992E-01  0.207979E+08
   846.78       -0.132185E-01 -0.136517E-01  0.211185E+08
   856.78       -0.133714E-01 -0.138105E-01  0.214652E+08
   866.78       -0.135310E-01 -0.139764E-01  0.218415E+08
   876.78       -0.136983E-01 -0.141501E-01  0.222521E+08
   886.78       -0.138743E-01 -0.143328E-01  0.227027E+08
   896.78       -0.140604E-01 -0.145259E-01  0.232003E+08
   906.78       -0.142583E-01 -0.147311E-01  0.237542E+08
   916.78       -0.144700E-01 -0.149505E-01  0.243768E+08
   926.78       -0.146982E-01 -0.151869E-01  0.250833E+08
   936.78       -0.149464E-01 -0.154439E-01  0.258961E+08
   946.78       -0.152195E-01 -0.157265E-01  0.268470E+08
   951.78       -0.153635E-01 -0.158753E-01  0.273754E+08
   954.28       -0.154375E-01 -0.159518E-01  0.276471E+08

          ***** ANSYS POST26 VARIABLE LISTING *****


    TIME          2 UY          1 UY          3 S   EQV 
                  UY            UY            SEQV    
   955.53       -0.154742E-01 -0.159897E-01  0.276069E+08
   955.84       -0.154836E-01 -0.159994E-01  0.278210E+08
   955.86       -0.154842E-01 -0.160000E-01  0.276700E+08

