
          ***** ANSYS POST26 VARIABLE LISTING *****


    TIME          2 UY          1 UY          3 S   EQV 
                  UY            UY            SEQV    
  0.10000E-05   -0.462982E-03 -0.463393E-03  0.544992E+08
  0.20000E-05   -0.463020E-03 -0.463432E-03  0.545071E+08
  0.40000E-05   -0.463095E-03 -0.463507E-03  0.545226E+08
  0.80000E-05   -0.463243E-03 -0.463655E-03  0.545535E+08
  0.16000E-04   -0.463539E-03 -0.463953E-03  0.546153E+08
  0.32000E-04   -0.464130E-03 -0.464545E-03  0.547383E+08
  0.64000E-04   -0.465304E-03 -0.465724E-03  0.549828E+08
  0.12800E-03   -0.467623E-03 -0.468051E-03  0.554653E+08
  0.25600E-03   -0.472153E-03 -0.472598E-03  0.564053E+08
  0.51200E-03   -0.480822E-03 -0.481300E-03  0.581897E+08
  0.10240E-02   -0.496857E-03 -0.497397E-03  0.614116E+08
  0.20480E-02   -0.525295E-03 -0.525953E-03  0.669251E+08
  0.40960E-02   -0.572518E-03 -0.573387E-03  0.745991E+08
  0.81920E-02   -0.645029E-03 -0.646258E-03  0.820448E+08
  0.16384E-01   -0.746773E-03 -0.748575E-03  0.843003E+08
  0.32768E-01   -0.878620E-03 -0.881247E-03  0.789187E+08
  0.65536E-01   -0.103632E-02 -0.104002E-02  0.682516E+08
  0.13107       -0.121560E-02 -0.122065E-02  0.568891E+08
  0.26214       -0.141562E-02 -0.142249E-02  0.481038E+08
  0.52429       -0.164585E-02 -0.165523E-02  0.417445E+08

          ***** ANSYS POST26 VARIABLE LISTING *****


    TIME          2 UY          1 UY          3 S   EQV 
                  UY            UY            SEQV    
   1.0486       -0.191822E-02 -0.193114E-02  0.367753E+08
   2.0972       -0.224350E-02 -0.226137E-02  0.325273E+08
   4.1943       -0.263199E-02 -0.265681E-02  0.287477E+08
   8.3886       -0.309663E-02 -0.313115E-02  0.254062E+08
   16.777       -0.365688E-02 -0.370498E-02  0.225186E+08
   26.777       -0.411652E-02 -0.417724E-02  0.207550E+08
   36.777       -0.447044E-02 -0.454176E-02  0.196496E+08
   46.777       -0.476380E-02 -0.484445E-02  0.188751E+08
   56.777       -0.501762E-02 -0.510668E-02  0.182955E+08
   66.777       -0.524343E-02 -0.534022E-02  0.178432E+08
   76.777       -0.544826E-02 -0.555226E-02  0.174749E+08
   86.777       -0.563692E-02 -0.574770E-02  0.171760E+08
   96.777       -0.581260E-02 -0.592981E-02  0.169277E+08
   106.78       -0.597774E-02 -0.610109E-02  0.167183E+08
   116.78       -0.613410E-02 -0.626335E-02  0.165398E+08
   126.78       -0.628300E-02 -0.641794E-02  0.163857E+08
   136.78       -0.642549E-02 -0.656594E-02  0.162532E+08
   146.78       -0.656251E-02 -0.670830E-02  0.161394E+08
   156.78       -0.669475E-02 -0.684575E-02  0.160409E+08
   166.78       -0.682281E-02 -0.697888E-02  0.159555E+08

          ***** ANSYS POST26 VARIABLE LISTING *****


    TIME          2 UY          1 UY          3 S   EQV 
                  UY            UY            SEQV    
   176.78       -0.694719E-02 -0.710823E-02  0.158819E+08
   186.78       -0.706828E-02 -0.723418E-02  0.158181E+08
   196.78       -0.718640E-02 -0.735709E-02  0.157633E+08
   206.78       -0.730187E-02 -0.747725E-02  0.157168E+08
   216.78       -0.741497E-02 -0.759497E-02  0.156781E+08
   226.78       -0.752594E-02 -0.771050E-02  0.156466E+08
   236.78       -0.763506E-02 -0.782412E-02  0.156218E+08
   246.78       -0.774249E-02 -0.793598E-02  0.156028E+08
   256.78       -0.784838E-02 -0.804627E-02  0.155893E+08
   266.78       -0.795289E-02 -0.815513E-02  0.155807E+08
   276.78       -0.805617E-02 -0.826271E-02  0.155771E+08
   286.78       -0.815840E-02 -0.836922E-02  0.155781E+08
   296.78       -0.825964E-02 -0.847470E-02  0.155835E+08
   306.78       -0.835999E-02 -0.857926E-02  0.155927E+08
   316.78       -0.845954E-02 -0.868299E-02  0.156056E+08
   326.78       -0.855837E-02 -0.878598E-02  0.156222E+08
   336.78       -0.865657E-02 -0.888833E-02  0.156425E+08
   346.78       -0.875422E-02 -0.899010E-02  0.156665E+08
   356.78       -0.885141E-02 -0.909140E-02  0.156941E+08
   366.78       -0.894821E-02 -0.919229E-02  0.157253E+08

          ***** ANSYS POST26 VARIABLE LISTING *****


    TIME          2 UY          1 UY          3 S   EQV 
                  UY            UY            SEQV    
   376.78       -0.904469E-02 -0.929286E-02  0.157601E+08
   386.78       -0.914094E-02 -0.939318E-02  0.157985E+08
   396.78       -0.923701E-02 -0.949332E-02  0.158404E+08
   406.78       -0.933299E-02 -0.959337E-02  0.158859E+08
   416.78       -0.942894E-02 -0.969338E-02  0.159349E+08
   426.78       -0.952492E-02 -0.979343E-02  0.159875E+08
   436.78       -0.962101E-02 -0.989358E-02  0.160437E+08
   446.78       -0.971726E-02 -0.999391E-02  0.161035E+08
   456.78       -0.981375E-02 -0.100945E-01  0.161670E+08
   466.78       -0.991054E-02 -0.101954E-01  0.162342E+08
   476.78       -0.100078E-01 -0.102967E-01  0.163052E+08
   486.78       -0.101055E-01 -0.103985E-01  0.163801E+08
   496.78       -0.102037E-01 -0.105009E-01  0.164589E+08
   506.78       -0.103025E-01 -0.106038E-01  0.165415E+08
   516.78       -0.104019E-01 -0.107074E-01  0.166281E+08
   526.78       -0.105020E-01 -0.108117E-01  0.167189E+08
   536.78       -0.106029E-01 -0.109167E-01  0.168139E+08
   546.78       -0.107046E-01 -0.110227E-01  0.169135E+08
   556.78       -0.108072E-01 -0.111296E-01  0.170178E+08
   566.78       -0.109109E-01 -0.112375E-01  0.171271E+08

          ***** ANSYS POST26 VARIABLE LISTING *****


    TIME          2 UY          1 UY          3 S   EQV 
                  UY            UY            SEQV    
   576.78       -0.110156E-01 -0.113465E-01  0.172415E+08
   586.78       -0.111214E-01 -0.114567E-01  0.173615E+08
   596.78       -0.112285E-01 -0.115682E-01  0.174871E+08
   606.78       -0.113370E-01 -0.116811E-01  0.176189E+08
   616.78       -0.114469E-01 -0.117956E-01  0.177620E+08
   626.78       -0.115585E-01 -0.119117E-01  0.179074E+08
   636.78       -0.116718E-01 -0.120295E-01  0.180600E+08
   646.78       -0.117869E-01 -0.121493E-01  0.182204E+08
   656.78       -0.119039E-01 -0.122710E-01  0.183890E+08
   666.78       -0.120231E-01 -0.123949E-01  0.185664E+08
   676.78       -0.121445E-01 -0.125211E-01  0.187532E+08
   686.78       -0.122684E-01 -0.126499E-01  0.189501E+08
   696.78       -0.123949E-01 -0.127814E-01  0.191581E+08
   706.78       -0.125242E-01 -0.129158E-01  0.193781E+08
   716.78       -0.126566E-01 -0.130533E-01  0.196110E+08
   726.78       -0.127924E-01 -0.131944E-01  0.198581E+08
   736.78       -0.129318E-01 -0.133391E-01  0.201209E+08
   746.78       -0.130753E-01 -0.134880E-01  0.204008E+08
   756.78       -0.132230E-01 -0.136414E-01  0.206998E+08
   766.78       -0.133756E-01 -0.137997E-01  0.210199E+08

          ***** ANSYS POST26 VARIABLE LISTING *****


    TIME          2 UY          1 UY          3 S   EQV 
                  UY            UY            SEQV    
   776.78       -0.135335E-01 -0.139634E-01  0.213637E+08
   786.78       -0.136969E-01 -0.141329E-01  0.217341E+08
   796.78       -0.138671E-01 -0.143092E-01  0.221347E+08
   806.78       -0.140445E-01 -0.144931E-01  0.225698E+08
   816.78       -0.142302E-01 -0.146854E-01  0.230446E+08
   826.78       -0.144252E-01 -0.148872E-01  0.235656E+08
   836.78       -0.146309E-01 -0.151000E-01  0.241405E+08
   846.78       -0.148488E-01 -0.153255E-01  0.247795E+08
   856.78       -0.150799E-01 -0.155644E-01  0.254958E+08
   866.78       -0.153282E-01 -0.158209E-01  0.263070E+08
   871.78       -0.154572E-01 -0.159541E-01  0.267473E+08
   873.03       -0.154895E-01 -0.159874E-01  0.267699E+08
   873.34       -0.154976E-01 -0.159958E-01  0.268860E+08
   873.50       -0.155017E-01 -0.159999E-01  0.268026E+08
   873.50       -0.155017E-01 -0.160000E-01  0.269042E+08
   873.50       -0.155017E-01 -0.160000E-01  0.269043E+08
   873.50       -0.155017E-01 -0.160000E-01  0.269044E+08
   873.50       -0.155017E-01 -0.160000E-01  0.269044E+08
   873.50       -0.155017E-01 -0.160000E-01  0.269044E+08
   873.50       -0.155017E-01 -0.160000E-01  0.269044E+08

          ***** ANSYS POST26 VARIABLE LISTING *****


    TIME          2 UY          1 UY          3 S   EQV 
                  UY            UY            SEQV    
   873.50       -0.155017E-01 -0.160000E-01  0.269044E+08
   873.50       -0.155017E-01 -0.160000E-01  0.269044E+08
   873.50       -0.155017E-01 -0.160000E-01  0.269044E+08
   873.50       -0.155017E-01 -0.160000E-01  0.269044E+08
   950.00       -0.155017E-01 -0.160000E-01
